STcod         1
VALn1         0
AV1LN       1.5000000000000000        _AVERAGEAVERAGEAV_        40.000000000000000        1
SD1LN       0.0000000000000000        _STANDARDDEVIATIO_        5.0000000000000000        1
AV2LN       0.1000000000000000E-02    0.1000000000000000        1.0000000000000000        0
SD2LN       0.0000000000000000        0.1000000000000000        1.0000000000000000        0
PHILN       0.1000000000000000E-02    0.1000000000000000        1.0000000000000000        0
STR_i       0.8000000000000000        _CELLSTRAINCELLST_        5.0000000000000000        0
STR_1       1.0000000000000000        1.0000000000000000        1.0020000000000000        0
STR_C       1.0000000000000000        13.500000000000000        1.0500000000000000        0
STR_W       0.1000000000000000E-01    1.0000000000000000        100.00000000000000        0
ATO01         1    1
OKK_I       0.5000000000000000        1.0000000000000000        1.0000000000000000        0
OKK_0       0.5005000000000001        0.9999999850988388        1.0000000000000000        0
OKK_L       1.0009999999999999        1.0010000149011611        1000.0000000000000        0
BTH_I       0.1999999999999999        1.4900000000000000        5.5000000000000000        1
BTH_0       0.1000000000000000E-02    1.0000000000000000        2.0000000000000000        0
BTH_L       1.0009999999999999        1.0010000149011611        1200.0000000000000        0
ATO02         1    1
OKK_I       0.50000000000000000       1.0000000000000000        1.0000000000000000        1
OKK_0       0.50000000000000000       0.9999999850988388        1.0000000000000000        0
OKK_L       1.00099999999999999       1.0010000149011611        100.00000000000000        0
BTH_I       0.19999999999999998       1.3200000000000000        5.5000000000000000        1
BTH_0       0.10000000000000001       1.0000000000000000        2.0000000000000000        0
BTH_L       1.00099999999999999       1.0010000149011611        1200.0000000000000        0
